        0.095537        0.235953        0.337020        0.235953        0.095537
        0.095679        0.238998        0.330646        0.238998        0.095679
        0.096686        0.239522        0.327584        0.239522        0.096686
        0.097835        0.239525        0.325278        0.239525        0.097835
        0.098964        0.239386        0.323300        0.239386        0.098964
        0.100020        0.239206        0.321550        0.239206        0.100020
        0.100988        0.239018        0.319989        0.239018        0.100988
        0.101865        0.238837        0.318596        0.238837        0.101865
        0.102657        0.238667        0.317353        0.238667        0.102657
        0.103367        0.238511        0.316244        0.238511        0.103367
        0.104005        0.238369        0.315253        0.238369        0.104005
        0.104576        0.238240        0.314369        0.238240        0.104576
        0.105088        0.238123        0.313578        0.238123        0.105088
        0.105545        0.238019        0.312872        0.238019        0.105545
        0.105955        0.237925        0.312240        0.237925        0.105955
        0.106322        0.237840        0.311675        0.237840        0.106322
        0.106651        0.237765        0.311169        0.237765        0.106651
        0.106945        0.237697        0.310716        0.237697        0.106945
        0.107208        0.237636        0.310310        0.237636        0.107208
        0.107444        0.237582        0.309947        0.237582        0.107444
        0.107655        0.237534        0.309622        0.237534        0.107655
        0.107844        0.237490        0.309331        0.237490        0.107844
