        0.413546        0.643075        1.000000        1.555028        2.418111
        0.376721        0.613776        1.000000        1.629260        2.654487
        0.349260        0.590982        1.000000        1.692099        2.863200
        0.328025        0.572735        1.000000        1.746009        3.048549
        0.311179        0.557834        1.000000        1.792648        3.213585
        0.297557        0.545488        1.000000        1.833221        3.360699
        0.286379        0.535144        1.000000        1.868657        3.491879
        0.277098        0.526401        1.000000        1.899694        3.608837
        0.269318        0.518959        1.000000        1.926935        3.713080
        0.262747        0.512588        1.000000        1.950884        3.805948
        0.257159        0.507109        1.000000        1.971964        3.888643
        0.252383        0.502377        1.000000        1.990538        3.962240
        0.248280        0.498277        1.000000        2.006915        4.027708
        0.244743        0.494715        1.000000        2.021366        4.085919
        0.241683        0.491613        1.000000        2.034122        4.137653
        0.239028        0.488905        1.000000        2.045388        4.183613
        0.236718        0.486537        1.000000        2.055341        4.224428
        0.234705        0.484464        1.000000        2.064137        4.260663
        0.232947        0.482646        1.000000        2.071912        4.292821
        0.231409        0.481050        1.000000        2.078787        4.321353
        0.230062        0.479647        1.000000        2.084865        4.346663
        0.228880        0.478414        1.000000        2.090241        4.369109
