       -0.882987       -0.441493        0.000000        0.441493        0.882987
       -0.976251       -0.488126        0.000000        0.488126        0.976251
       -1.051940       -0.525970        0.000000        0.525970        1.051940
       -1.114666       -0.557333        0.000000        0.557333        1.114666
       -1.167387       -0.583694        0.000000        0.583694        1.167387
       -1.212149       -0.606074        0.000000        0.606074        1.212149
       -1.250440       -0.625220        0.000000        0.625220        1.250440
       -1.283385       -0.641693        0.000000        0.641693        1.283385
       -1.311862       -0.655931        0.000000        0.655931        1.311862
       -1.336565       -0.668283        0.000000        0.668283        1.336565
       -1.358060       -0.679030        0.000000        0.679030        1.358060
       -1.376809       -0.688405        0.000000        0.688405        1.376809
       -1.393198       -0.696599        0.000000        0.696599        1.393198
       -1.407547       -0.703773        0.000000        0.703773        1.407547
       -1.420129       -0.710064        0.000000        0.710064        1.420129
       -1.431175       -0.715588        0.000000        0.715588        1.431175
       -1.440884       -0.720442        0.000000        0.720442        1.440884
       -1.449425       -0.724712        0.000000        0.724712        1.449425
       -1.456944       -0.728472        0.000000        0.728472        1.456944
       -1.463569       -0.731784        0.000000        0.731784        1.463569
       -1.469408       -0.734704        0.000000        0.734704        1.469408
       -1.474559       -0.737280        0.000000        0.737280        1.474559
