0.631303925750842       0.140706661136646     6.394193443974821E-003  4.768733612884387E-005  5.346769794338045E-008
0.345677242328296       0.579208386380771       0.196912089655567     1.242239767848644E-002  1.286444027390132E-004  
2.289013405042495E-002	0.267614867467968       0.593387433800917       0.267614867467968     2.289013405042504E-002  
1.286444027390754E-004  1.242239767848652E-002	0.196912089655567       0.579208386380771       0.345677242328296     
5.346769794338045E-008  4.768733612884387E-005  6.394193443974821E-003	0.140706661136646       0.631303925750842     
0.670273842331461       0.131148402963598     3.652315848696317E-003  1.096502150407681E-005  3.200593780968129E-009
0.316822123865440      	0.616605811257476       0.181952684676229   7.016477214285439E-003  2.940546540148837E-005  
1.287462513710369E-002 	0.245218343543137       0.628789998950150       0.245218343543137     1.287462513710380E-002  
2.940546540153300E-005  7.016477214285444E-003	0.181952684676229       0.616605811257476       0.316822123865440     
3.200593780968129E-009  1.096502150407681E-005  3.652315848696317E-003	0.131148402963598       0.670273842331461     
0.699462932010780       0.123051624313399     	2.237436354232220E-003  3.015326026869617E-006  2.682567187514065E-010
0.292732224783301       0.645837419280640       0.169447031977466     	4.263058815411742E-003  8.053340690722870E-006  
7.796789596971498E-003	0.226844882264523       0.656631063336605       0.226844882264523     	7.796789596971447E-003  
8.053340690650224E-006  4.263058815411780E-003	0.169447031977465       0.645837419280640       0.292732224783301     
2.682567187514065E-010  3.015326026869617E-006  2.237436354232220E-003	0.123051624313399       0.699462932010780     
0.722097830555507       0.116243582738334     	1.455240375554628E-003  9.674890833911464E-007  3.011604780849577E-011
0.272872411847127       0.669201377285701       0.159059157305718     	2.755663095254783E-003  2.576367275145350E-006  
5.027181199975139E-003	0.211798409391627       0.678971204637454       0.211798409391627     	5.027181199975170E-003  
2.576367275186620E-006  2.755663095254768E-003	0.159059157305718       0.669201377285701       0.272872411847127     
3.011604780849577E-011  9.674890833911464E-007  1.455240375554628E-003	0.116243582738334       0.722097830555507     
0.740084202987521       0.110515429035329     	9.967861747177734E-004  3.550426998601488E-007  4.366311718954284E-012
0.256494374565794       0.688188439599458       0.150415273412558     	1.878639561959960E-003  9.433778430836609E-007  
3.420479064475512E-003	0.199417136760554       0.697175880825449       0.199417136760554     	3.420479064475415E-003  
9.433778430656403E-007  1.878639561959883E-003	0.150415273412558       0.688188439599458       0.256494374565794     
4.366311718954284E-012  3.550426998601488E-007  9.967861747177734E-004	0.110515429035329       0.740084202987521     
0.754639387142286       0.105679520002891     	7.142332990351696E-004  1.465459547321110E-007  7.925355457799490E-013
0.242922154439072       0.703820093611920       0.143189102435330     	1.341157490753841E-003  3.887251443659669E-007  
2.438069692705103E-003	0.189159082348480       0.712193328531269       0.189159082348480     	2.438069692705082E-003  
3.887251442957762E-007  1.341157490753919E-003	0.143189102435330       0.703820093611920       0.242922154439072     
7.925355457799490E-013  1.465459547321110E-007  7.142332990351696E-004	0.105679520002891       0.754639387142286     
0.766585534157728       0.101579553569306     	5.323384296391408E-004  6.706767037092234E-008  1.753335306155260E-013
0.231604721419559       0.716824470458063       0.137114854903945     	9.966729216869393E-004  1.776650088226020E-007  
1.809566757529191E-003	0.180599235983274       0.724705613332832       0.180599235983274     	1.809566757529151E-003  
1.776650088158860E-007  9.966729216869254E-004	0.137114854903945       0.716824470458063       0.231604721419559     
1.753335306155260E-013  6.706767037092234E-008  5.323384296391408E-004	0.101579553569306       0.766585534157728     
0.776501516289501       9.808842632803227E-002	4.107123398912457E-004  3.361433140285569E-008  4.618573915128162E-014
0.222106999968702       0.727736507421213       0.131980746290142     	7.671352993496824E-004  8.895031209614367E-008  
1.391394791439016E-003	0.173407897337074       0.735217082739934       0.173407897337074     	1.391394791439053E-003  
8.895031211597626E-008  7.671352993496861E-004	0.131980746290142       0.727736507421213       0.222106999968702     
4.618573915128162E-014  3.361433140285569E-008  4.107123398912457E-004	9.808842632803227E-002  0.776501516289501     
0.784808354482226       9.510340989392536E-002	3.266401526363861E-004  1.825266065551950E-008  1.419264903538347E-014
0.214088097061869       0.736958791753346       0.127618791965986     	6.089190828625899E-004  4.825804151420321E-008  
1.103500197848883E-003	0.167328861017206       0.744109135762756       0.167328861017206     	1.103500197848804E-003  
4.825804145180967E-008  6.089190828626467E-004	0.127618791965986       0.736958791753346       0.214088097061869     
1.419264903538347E-014  1.825266065551950E-008  3.266401526363861E-004	9.510340989392536E-002  0.784808354482226   
0.791820349508283       9.254137741069418E-002	2.668096432947446E-004  1.063707606793710E-008  4.997210588535907E-015
0.207280330004287       0.744800371273226       0.123895369680917     	4.965836073027084E-004  2.810300200390521E-008  
8.992923844232115E-004	0.162161657071701       0.751675641351576       0.162161657071701     	8.992923844232797E-004  
2.810300203659466E-008  4.965836073026475E-004	0.123895369680917       0.744800371273226       0.207280330004287     
4.997210588535907E-015  1.063707606793710E-008  2.668096432947446E-004	9.254137741069418E-002  0.791820349508283     
0.797777223700303       9.033476861577067E-002	2.231276245062814E-004  6.598089029571436E-009  1.984408232871186E-015
0.201472151384146       0.751502479349248       0.120703544624451     	4.147245789774444E-004  1.742158742326097E-008  
7.506074939619412E-004	0.157748020857915       0.758146655502085       0.157748020857915     	7.506074939619274E-004  
1.742158739492794E-008  4.147245789773990E-004	0.120703544624451       0.751502479349248       0.201472151384146     
1.984408232871186E-015  6.598089029571436E-009  2.231276245062814E-004	9.033476861577067E-002  0.797777223700303     
0.802865141322313       8.842835968452449E-002	1.905096087488976E-004  4.324669586496779E-009  8.764321628084485E-016
0.196495012011453       0.757256124954798       0.117957107652937     	3.536966656090362E-004  1.141308948566106E-008  
6.398352531437057E-004	0.153961814370399       0.763704765476628       0.153961814370399     	6.398352531436861E-004  
1.141308947349984E-008  3.536966656090268E-004	0.117957107652937       0.757256124954798       0.196495012011453     
8.764321628084485E-016  4.324669586496779E-009  1.905096087488976E-004	8.842835968452449E-002  0.802865141322313     
0.807230911660623       8.677673021850942E-002	1.656655699200563E-004  2.976067524241473E-009  4.252523028911037E-016
0.192213454764402       0.762214435162203       0.115586020125478     	3.072761080964394E-004  7.850683834046433E-009  
5.556257242907980E-004	0.150701555535124       0.768496628609203       0.150701555535124     	5.556257242907567E-004  
7.850683769738964E-009  3.072761080964437E-004	0.115586020125478       0.762214435162203       0.192213454764402     
4.252523028911037E-016  2.976067524241473E-009  1.656655699200563E-004	8.677673021850942E-002  0.807230911660623     
0.810991852453144       8.534228989011668E-002	1.464090843733481E-004  2.138126976146448E-009  2.242324886643317E-016
0.188517680336027       0.766501507571764       0.113532946398749     	2.713366437334374E-004  5.638196126530728E-009  
4.904615726326611E-004	0.147884863756259       0.772641289033755       0.147884863756258     	4.904615726326278E-004  
5.638196132196072E-009  2.713366437333553E-004	0.113532946398749       0.766501507571764       0.188517680336027     
2.242324886643317E-016  2.138126976146448E-009  1.464090843733481E-004	8.534228989011668E-002  0.810991852453144     
0.814242801747175       8.409374088253678E-002	1.312515805296694E-004  1.595730790608926E-009  1.272641834869431E-016
0.185317954457316       0.770218880961203       0.111750607839720     	2.430747127243969E-004  4.206598585910291E-009  
4.392395889103451E-004	0.145444301847805       0.776236281159501       0.145444301847805     	4.392395889103395E-004  
4.206598624989510E-009  2.430747127244448E-004	0.111750607839720       0.770218880961203       0.185317954457316     
1.272641834869431E-016  1.595730790608926E-009  1.312515805296694E-004	8.409374088253679E-002  0.814242801747175     
0.817061204595261       8.300487566079091E-002	1.191570653545446E-004  1.231712512142250E-009  7.708791037071708E-017
0.182540375163141       0.773450344187917       0.110199752549644     	2.205425588322438E-004  3.246119857729274E-009  
3.984169954784900E-004	0.143324236360748       0.779362180770002       0.143324236360748     	3.984169954785304E-004  
3.246119817390536E-009  2.205425588321930E-004	0.110199752549644       0.773450344187917       0.182540375163141     
7.708791037071708E-017  1.231712512142250E-009  1.191570653545446E-004	8.300487566079090E-002  0.817061204595261     
0.819510869293003       8.205363196985030E-002	1.093899080525582E-004  9.794763563006536E-010  4.946322587744450E-017
0.180123644481999       0.776265563208959       0.108847586502023     	2.023592455585931E-004  2.580767355591367E-009  
3.654836442310572E-004	0.141478444596156       0.782086047179848       0.141478444596156     	3.654836442310812E-004  
2.580767377580174E-009  2.023592455585588E-004	0.108847586502023       0.776265563208959       0.180123644481999     
4.946322587744450E-017  9.794763563006536E-010  1.093899080525582E-004	8.205363196985030E-002  0.819510869293003  
0.821644785187085       8.122134542934974E-002	1.014180749112991E-004  7.996891788067420E-010  3.339759483296981E-017
0.178016585121294       0.778722853160627       0.107666551791919     	1.875273704654807E-004  2.106635030752234E-009  
3.386275849858178E-004	0.139868273239869       0.784464060266339       0.139868273239869     	3.386275849858229E-004  
2.106635088594544E-009  1.875273704654568E-004	0.107666551791919       0.778722853160627       0.178016585121294     
3.339759483296981E-017  7.996891788067420E-010  1.014180749112991E-004	8.122134542934974E-002  0.821644785187085     
0.823507266531653       8.049215450657911E-002	9.485024184481776E-005  6.683010764013861E-010  2.359053501122661E-017
0.176176213368981       0.780871322598478       0.106633367555615     	1.753141876344859E-004  1.760211624414127E-009  
3.165183391553583E-004	0.138461208039008       0.786543564405080       0.138461208039008     	3.165183391553633E-004  
1.760211643109244E-009  1.753141876345010E-004	0.106633367555615       0.780871322598478       0.176176213368981     
2.359053501122661E-017  6.683010764013861E-010  9.485024184481776E-005	8.049215450657911E-002  0.823507266531653     
0.825135604496507       7.985252361104608E-002	8.939408524691203E-005  5.701388581572202E-010  1.734193020154541E-017
0.174566230482274       0.782752550369248       0.105728271052016     	1.651729030446762E-004  1.501439354984010E-009  
2.981635197788490E-004	0.137229752546522       0.788364669725473       0.137229752546522     	2.981635197789166E-004  
1.501439417239681E-009  1.651729030447413E-004	0.105728271052016       0.782752550369248       0.174566230482274     
1.734193020154541E-017  5.701388581572202E-010  8.939408524691203E-005	7.985252361104608E-002  0.825135604496507     
0.826561355003615       7.929085830027154E-002	8.482809569237481E-005  4.953537395740077E-010  1.320690631581002E-017
0.173155831539188       0.784401910251747       0.104934412417428     	1.566895702988072E-004  1.304323818335832E-009  
2.828121528738459E-004	0.136150541382329       0.789961518973760       0.136150541382329     	2.828121528738681E-004  
1.304323871131885E-009  1.566895702987958E-004	0.104934412417428       0.784401910251747       0.173155831539188     
1.320690631581002E-017  4.953537395740077E-010  8.482809569237481E-005	7.929085830027154E-002  0.826561355003615     
1.00000000000000       0.000000000000000E+000	0.000000000000000E+000  0.000000000000000E+000  0.000000000000000E+000
0.000000000000000E+000   1.00000000000000       0.000000000000000E+000	0.000000000000000E+000  0.000000000000000E+000  
0.000000000000000E+000	0.000000000000000E+000   1.00000000000000       0.000000000000000E+000	0.000000000000000E+000  
0.000000000000000E+000  0.000000000000000E+000	0.000000000000000E+000   1.00000000000000       0.000000000000000E+000
0.000000000000000E+000  0.000000000000000E+000  0.000000000000000E+000	0.000000000000000E+000   1.00000000000000       